{
 "cells": [
  {
   "cell_type": "code",
   "execution_count": 180,
   "id": "70584155",
   "metadata": {},
   "outputs": [],
   "source": [
    "#Return largest palindrome of two 3 digits number products (range is defined)\n",
    "\n",
    "import time"
   ]
  },
  {
   "cell_type": "code",
   "execution_count": 181,
   "id": "b1d9c05a",
   "metadata": {},
   "outputs": [],
   "source": [
    "#Palindrome function\n",
    "def is_palindrome(val):\n",
    "    val = str(val)\n",
    "    return val == val[::-1]"
   ]
  },
  {
   "cell_type": "code",
   "execution_count": 182,
   "id": "f437e990",
   "metadata": {},
   "outputs": [],
   "source": [
    "#Constants\n",
    "max_val = 999\n",
    "min_val = 100\n",
    "iterations = 0\n",
    "min_num2_val = min_val\n",
    "\n",
    "#Palindrome lists (including debug)\n",
    "palindrome_list = []\n",
    "debug_list = []"
   ]
  },
  {
   "cell_type": "code",
   "execution_count": 183,
   "id": "a3f171c9",
   "metadata": {},
   "outputs": [
    {
     "name": "stdout",
     "output_type": "stream",
     "text": [
      "Final palindrome list: [10201, 11211, 12221, 13231, 14241, 15251, 16261, 17271, 18281, 19291, 20402, 21412, 22422, 23432, 24442, 25452, 26462, 27472, 28482, 29492, 30603, 31613, 32623, 33633, 34643, 35653, 36663, 37673, 38683, 39693, 40804, 41814, 42824, 43834, 44844, 45854, 46864, 47874, 48884, 49894, 20502, 21012, 41514, 42024, 62526, 63036, 83538, 84048, 21012, 26162, 42024, 47174, 63036, 68186, 84048, 89198, 21112, 27872, 42224, 48984, 63336, 80808, 84448, 88088, 50505, 53235, 55755, 58485, 21412, 23532, 25652, 27772, 29892, 40704, 42824, 44944, 25252, 45154, 65056, 73937, 93839, 27972, 29592, 46764, 48384, 63936, 65556, 67176, 82728, 84348, 15151, 64746, 74447, 79897, 84148, 89598, 99299, 11211, 12321, 13431, 14541, 15651, 16761, 17871, 18981, 20202, 21312, 22422, 23532, 24642, 25752, 26862, 27972, 30303, 31413, 32523, 33633, 34743, 35853, 36963, 40404, 41514, 42624, 43734, 44844, 45954, 50505, 51615, 52725, 53835, 54945, 60606, 61716, 62826, 63936, 70707, 71817, 72927, 80808, 81918, 90909, 23632, 29792, 42224, 48384, 65856, 84448, 27572, 49494, 51415, 73337, 78987, 80908, 95259, 26562, 43434, 60306, 68286, 69996, 85158, 86868, 52325, 53935, 56465, 21112, 23432, 25752, 42224, 44544, 46864, 61016, 63336, 65656, 67976, 82128, 84448, 86768, 28782, 30303, 53235, 60606, 76167, 83538, 90909, 99099, 21712, 25252, 46964, 64546, 68086, 82128, 89798, 15351, 44744, 54145, 69496, 83538, 98889, 12221, 13431, 14641, 15851, 22022, 23232, 24442, 25652, 26862, 33033, 34243, 35453, 36663, 37873, 44044, 45254, 46464, 47674, 48884, 55055, 56265, 57475, 58685, 59895, 66066, 67276, 68486, 69696, 77077, 78287, 79497, 88088, 89298, 99099, 106601, 119911, 26962, 27572, 28182, 40504, 41114, 68686, 69296, 81618, 82228, 18081, 28782, 33333, 66666, 71217, 81918, 89298, 99999, 117711, 23932, 44144, 48484, 63736, 88288, 52125, 52625, 57375, 57875, 25452, 27972, 48384, 60606, 81018, 83538, 26162, 37973, 43434, 60706, 69596, 75057, 86868, 92329, 40704, 42624, 44544, 46464, 48384, 15351, 34443, 49794, 53535, 68886, 72627, 87978, 91719, 13231, 14541, 15851, 25152, 26462, 27772, 37073, 38383, 39693, 21912, 23232, 46464, 61116, 69696, 84348, 21812, 29792, 37373, 66766, 74347, 20502, 27872, 46364, 66866, 85358, 54945, 55755, 56565, 57375, 58185, 27472, 42024, 44744, 69496, 84048, 86768, 19591, 20002, 29592, 30003, 39593, 40004, 49594, 50005, 59595, 60006, 69596, 70007, 79597, 80008, 89598, 90009, 99599, 110011, 41814, 45954, 60306, 64446, 68586, 87078, 15151, 24742, 39893, 52125, 61716, 67276, 76867, 105501, 14241, 15651, 27072, 28482, 29892, 67876, 68586, 69296, 82928, 83638, 84348, 85058, 19591, 22022, 33033, 44044, 55055, 66066, 77077, 88088, 99099, 101101, 111111, 121121, 131131, 141141, 21312, 27072, 42624, 48384, 63936, 69696, 80208, 50605, 52925, 57275, 59595, 20002, 22922, 29492, 40004, 42924, 49494, 60006, 62926, 69496, 80008, 82928, 89498, 18081, 42924, 65856, 70707, 88788, 93639, 21312, 23532, 25752, 27972, 40404, 42624, 44844, 61716, 63936, 80808, 74947, 83738, 89698, 92529, 98489, 15251, 16761, 72027, 73537, 87278, 88788, 29792, 46664, 48184, 63536, 65056, 80408, 20502, 57375, 63036, 77877, 83538, 22022, 28182, 44044, 66066, 88088, 51615, 55955, 56265, 40404, 48984, 63336, 80808, 86268, 22922, 26062, 35953, 39093, 48984, 70807, 83838, 96869, 108801, 143341, 28282, 43134, 47874, 62726, 86268, 23532, 29892, 40704, 72027, 78387, 95559, 16261, 17871, 52325, 53935, 68586, 29992, 59495, 68786, 98289, 102201, 21812, 29192, 44444, 67076, 82328, 88888, 51315, 54945, 56265, 59895, 21912, 26062, 40504, 47974, 66566, 85158, 29392, 33233, 66466, 70307, 99699, 48384, 63336, 65856, 80808, 53235, 59995, 61516, 98189, 17271, 18981, 43434, 85158, 86868, 31313, 46364, 62626, 77677, 93939, 165561, 25752, 44544, 63336, 82128, 52325, 57575, 23232, 29392, 40304, 46464, 63536, 69696, 80608, 86768, 55755, 59295, 82128, 98589, 24742, 29192, 44144, 68886, 83838, 88288, 28282, 51015, 65156, 79297, 80908, 155551, 18281, 31313, 49594, 62626, 79097, 92129, 93939, 20202, 21112, 22022, 40404, 41314, 42224, 43134, 44044, 60606, 61516, 62426, 63336, 64246, 65156, 66066, 80808, 81718, 82628, 83538, 84448, 85358, 86268, 87178, 88088, 28182, 74847, 81618, 21712, 29992, 44344, 80408, 88688, 50505, 51615, 52725, 53835, 54945, 87978, 41514, 45254, 86768, 127721, 133331, 168861, 174471, 180081, 27072, 29892, 44744, 86668, 27972, 48384, 55755, 76167, 83538, 90909, 19291, 36863, 52525, 87478, 21312, 23232, 25152, 27072, 40704, 42624, 44544, 46464, 48384, 63936, 65856, 67776, 69696, 23932, 36863, 49794, 71217, 84148, 97079, 142241, 50505, 53235, 29792, 42924, 65856, 88788, 43734, 47674, 71117, 75057, 64746, 69696, 84348, 89298, 33233, 46964, 66466, 99699, 20502, 59295, 79797, 98289, 20402, 21412, 22422, 23432, 24442, 25452, 26462, 27472, 28482, 29492, 40804, 41814, 42824, 43834, 44844, 45854, 46864, 47874, 48884, 49894, 21112, 42224, 63336, 84448, 21012, 42024, 63036, 84048, 55555, 21012, 26162, 42024, 47174, 63036, 68186, 84048, 89198, 41814, 45954, 92529, 96669, 27872, 42224, 84448, 57475, 63536, 102201, 137731, 154451, 171171, 189981, 204402, 23632, 45154, 68786, 92629, 21412, 23532, 25652, 27772, 29892, 40704, 42824, 44944, 68586, 76467, 84348, 92229, 25252, 45154, 65056, 51815, 53535, 55255, 29592, 48384, 63936, 67176, 82728, 43834, 76167, 64746, 84148, 89598, 30003, 42924, 49494, 60006, 72927, 79497, 90009, 26962, 54145, 83538, 22422, 23532, 24642, 25752, 26862, 27972, 40404, 41514, 42624, 43734, 44844, 45954, 60606, 61716, 62826, 63936, 80808, 81918, 210012, 56865, 59095, 81618, 98789, 188881, 29792, 48384, 65856, 84448, 52425, 57375, 27572, 49494, 80908, 41314, 45854, 82628, 99199, 182281, 69996, 86868, 35953, 40304, 47174, 80608, 87478, 28182, 33033, 66066, 99099, 108801, 111111, 138831, 141141, 168861, 171171, 198891, 219912, 222222, 23432, 25752, 42224, 44544, 46864, 61016, 63336, 65656, 67976, 82128, 84448, 86768, 26562, 52425, 78987, 28782, 60606, 83538, 56165, 57575, 58985, 25252, 46964, 82128, 43134, 47874, 86268, 91719, 44744, 69496, 83538, 219912, 56165, 60706, 67876, 128821, 44344, 51815, 88688, 24442, 25652, 26862, 44044, 45254, 46464, 47674, 48884, 66066, 67276, 68486, 69696, 88088, 89298, 201102, 214412, 227722, 27572, 40504, 69296, 82228, 54145, 57575, 28782, 66666, 81918, 89298, 49894, 74347, 171171, 44144, 63736, 88288, 215512, 39093, 53535, 85158, 58985, 66766, 74547, 82328, 90109, 25452, 27972, 48384, 105501, 133331, 161161, 178871, 221122, 238832, 26162, 43434, 60706, 69596, 86868, 56865, 57375, 40704, 44544, 48384, 55255, 63736, 49794, 68886, 87978, 210012, 27972, 30303, 40404, 50505, 60606, 70707, 80808, 90909, 111111, 222222, 117711, 26462, 27772, 61016, 90209, 46464, 69696, 213312, 219912, 234432, 255552, 59095, 29792, 66766, 239932, 34443, 68886, 83838, 27872, 46364, 73437, 99799, 33333, 44444, 55555, 66666, 77777, 88888, 99999, 122221, 244442, 27472, 84048, 86768, 30303, 33033, 40404, 43134, 50505, 53235, 60606, 63336, 66066, 70707, 73437, 76167, 80808, 83538, 86268, 90909, 93639, 96369, 99099, 111111, 141141, 171171, 222222, 252252, 29592, 40004, 49594, 60006, 69596, 80008, 89598, 220022, 52525, 57475, 98889, 201102, 61716, 67276, 51615, 76167, 270072, 37373, 83738, 95259, 28482, 29892, 31413, 34243, 37073, 62826, 65656, 68486, 99899, 67876, 69296, 82928, 84348, 51015, 52725, 44044, 66066, 88088, 202202, 212212, 222222, 232232, 242242, 252252, 262262, 272272, 282282, 39893, 77777, 198891, 239932, 42624, 48384, 63936, 69696, 234432, 39593, 47974, 87278, 95659, 53835, 92829, 29492, 40004, 42924, 69496, 80008, 82928, 32523, 35453, 38383, 67976, 42924, 65856, 88788, 219912, 252252, 55755, 59295, 42624, 63936, 80808, 234432, 54945, 64746, 74547, 84348, 94149, 83738, 89698, 37973, 52325, 161161, 74347, 89698, 168861, 87278, 88788, 30603, 33633, 36663, 39693, 41814, 44844, 47874, 123321, 156651, 189981, 213312, 246642, 279972, 63536, 65056, 63036, 83538, 225522, 46664, 69996, 94249, 256652, 44044, 88088, 212212, 219912, 232232, 239932, 252252, 259952, 272272, 279972, 292292, 299992, 42024, 63036, 84048, 231132, 51315, 67176, 174471, 48984, 63336, 80808, 31613, 34743, 37873, 48984, 83838, 286682, 53235, 55755, 86268, 215512, 48184, 94149, 149941, 40704, 258852, 86768, 92829, 117711, 140041, 165561, 209902, 232232, 257752, 280082, 180081, 68586, 32623, 35853, 52325, 68786, 204402, 64746, 89598, 273372, 82328, 88888, 44744, 57575, 141141, 209902, 282282, 68186, 95659, 302203, 40504, 33633, 36963, 42624, 45954, 51615, 54945, 60606, 63936, 72927, 81918, 90909, 135531, 234432, 66466, 53935, 59295, 48384, 65856, 41114, 82228, 329923, 61516, 49494, 78987, 95259, 324423, 56265, 87978, 129921, 133331, 184481, 215512, 266662, 270072, 301103, 43434, 85158, 86868, 34643, 62426, 65856, 90209, 93639, 46364, 62626, 290092, 44544, 63336, 82128, 50605, 76167, 83538, 90909, 46464, 69696, 80608, 213312, 234432, 255552, 276672, 297792, 35653, 64246, 67776, 96369, 99899, 82128, 59995, 44144, 88288, 83538, 98889, 168861, 219912, 65156, 80908, 76467, 90109, 55955, 63536, 71117, 49594, 62626, 36663, 46464, 56265, 59895, 66066, 69696, 79497, 89298, 99099, 147741, 162261, 201102, 255552, 270072, 348843, 40404, 42224, 44044, 61516, 63336, 65156, 80808, 82628, 84448, 86268, 88088, 212212, 232232, 252252, 272272, 292292, 50005, 52925, 59495, 81618, 88688, 238832, 71217, 81918, 89298, 99999, 117711, 198891, 99799, 212212, 270072, 37673, 41514, 45254, 86768, 219912, 225522, 231132, 266662, 272272, 52125, 57375, 44744, 297792, 42224, 63336, 84448, 232232, 48384, 83538, 43434, 75057, 86868, 129921, 87478, 38683, 82728, 40704, 42624, 44544, 46464, 48384, 55055, 49794, 84148, 284482, 68886, 91719, 378873, 294492, 372273, 48484, 133331, 266662, 65856, 219912, 39693, 159951, 276672, 43734, 47674, 57275, 69696, 84348, 216612, 234432, 252252, 270072, 279972, 297792, 62726, 79797, 187781, 46964, 66466, 171171, 66566, 225522, 76167, 40804, 42824, 44844, 46864, 48884, 213312, 235532, 257752, 279972, 42224, 63336, 84448, 209902, 232232, 41514, 54945, 111111, 123321, 135531, 147741, 159951, 210012, 222222, 234432, 246642, 258852, 321123, 333333, 345543, 357753, 369963, 42024, 84048, 219912, 67076, 74847, 59595, 60006, 89598, 90009, 330033, 42024, 63036, 84048, 231132, 55755, 41814, 45954, 53535, 84448, 52125, 61716, 105501, 63536, 204402, 221122, 239932, 256652, 273372, 290092, 408804, 56565, 308803, 52625, 70307, 45154, 68786, 259952, 297792, 42824, 44944, 401104, 57375, 68586, 84348, 65056, 277772, 66066, 99099, 111111, 141141, 171171, 222222, 252252, 282282, 303303, 333333, 363363, 393393, 414414, 58185, 62926, 48384, 63936, 46764, 89198, 92229, 43834, 59595, 84148, 273372, 60306, 79097, 80408, 99199, 221122, 49494, 60006, 92629, 140041, 280082, 198891, 252252, 83538, 272272, 79297, 98789, 214412, 428824, 44844, 61716, 63936, 80808, 210012, 234432, 258852, 420024, 81618, 436634, 92529, 162261, 48384, 65856, 77677, 81718, 70807, 89298, 117711, 122221, 198891, 239932, 244442, 366663, 371173, 407704, 412214, 80908, 407704, 72027, 88788, 45854, 82628, 50505, 51415, 52325, 53235, 54145, 55055, 412214, 47174, 80608, 87478, 443344, 57375, 83538, 86668, 66066, 219912, 222222, 249942, 252252, 279972, 282282, 414414, 444444, 57875, 61116, 46864, 82128, 84448, 86768, 51615, 56265, 64446, 96669, 354453, 252252, 53935, 85358, 48984, 83838, 108801, 82128, 238832, 87978, 149941, 168861, 187781, 210012, 359953, 378873, 397793, 401104, 420024, 47874, 86268, 52725, 57475, 69496, 219912, 272272, 72027, 60706, 67876, 87178, 50505, 60606, 70707, 80808, 90909, 111111, 222222, 333333, 444444, 88688, 68586, 414414, 48884, 67276, 69696, 88088, 214412, 255552, 270072, 296692, 402204, 428824, 443344, 469964, 53835, 58685, 73537, 299992, 69296, 445544, 98289, 102201, 204402, 306603, 408804, 56465, 78387, 86768, 49894, 54945, 59895, 88288, 485584, 68586, 85158, 66866, 367763, 99699, 66766, 82328, 74947, 97079, 221122, 238832, 266662, 294492, 414414, 442244, 459954, 470074, 487784, 53235, 69596, 86868, 77877, 92129, 425524, 69496, 70007, 292292, 405504, 489984, 85158, 63736, 210012, 420024, 141141, 156651, 209902, 282282, 297792, 320023, 335533, 461164, 476674, 514415, 60606, 80808, 222222, 444444, 93939, 165561, 276672, 61016, 133331, 266662, 399993, 69696, 213312, 234432, 255552, 276672, 297792, 405504, 426624, 447744, 468864, 489984, 60306, 80408, 221122, 442244, 55755, 432234, 239932, 68886, 83838, 289982, 491194, 77077, 128821, 161161, 198891, 219912, 252252, 289982, 343343, 434434, 525525, 184481, 249942, 66666, 88888, 244442, 488884, 93939, 507705, 60606, 63336, 66066, 80808, 83538, 86268, 222222, 252252, 282282, 414414, 444444, 474474, 64546, 216612, 493394, 69596, 80008, 409904, 440044, 513315, 76867, 86268, 474474, 201102, 402204, 531135, 543345, 61716, 67276, 58485, 80208, 98589, 441144, 270072, 74347, 168861, 174471, 180081, 219912, 225522, 231132, 399993, 456654, 462264, 507705, 513315, 83738, 68686, 72627, 377773, 421124, 297792, 62826, 65656, 68486, 69296, 82928, 88088, 212212, 232232, 252252, 272272, 292292, 404404, 424424, 444444, 464464, 484484, 384483, 239932, 63936, 69696, 234432, 297792, 405504, 468864, 68086, 374473, 87278, 71217, 79597, 98189, 294492, 212212, 235532, 258852, 391193, 401104, 424424, 447744, 580085, 69496, 80008, 82928, 67976, 548845, 65856, 88788, 219912, 252252, 83638, 75057, 63936, 234432, 468864, 554455, 64746, 84348, 99699, 414414, 68286, 85058, 375573, 560065, 95559, 138831, 89698, 98289, 225522, 88788, 508805, 510015, 523325, 536635, 549945, 551155, 564465, 577775, 592295, 213312, 246642, 279972, 426624, 459954, 65556, 65056, 63336, 141141, 282282, 63036, 62526, 89498, 296692, 69996, 256652, 601106, 534435, 88088, 219912, 232232, 259952, 272272, 299992, 424424, 464464, 96869, 63036, 84048, 231132, 462264, 320023, 92529, 67176, 102201, 171171, 189981, 204402, 273372, 306603, 375573, 408804, 477774, 561165, 579975, 456654, 87078, 589985, 215512, 522225, 509905, 258852, 447744, 70707, 77077, 85358, 93639, 161161, 252252, 343343, 434434, 525525, 595595, 616616, 86768, 209902, 232232, 257752, 280082, 416614, 464464, 489984, 623326, 84348, 528825, 81018, 588885, 611116, 71817, 78287, 73337, 238832, 277772, 335533, 374473, 432234, 471174, 76167, 408804, 631136, 416614, 89598, 273372, 438834, 72927, 79497, 90009, 209902, 282282, 137731, 98489, 68186, 604406, 83538, 445544, 650056, 81918, 234432, 432234, 468864, 630036, 81618, 377773, 384483, 391193, 438834, 445544, 452254, 506605, 513315, 520025, 82228, 452254, 648846, 87978, 215512, 266662, 270072, 434434, 485584, 602206, 649946, 653356, 74447, 127721, 86868, 519915, 550055, 401104, 212212, 424424, 636636, 73937, 570075, 99099, 108801, 171171, 198891, 252252, 279972, 333333, 414414, 585585, 666666, 290092, 512215, 573375, 82128, 489984, 78987, 576675, 83538, 579975, 213312, 234432, 255552, 276672, 297792, 405504, 426624, 447744, 468864, 489984, 618816, 639936, 101101, 178871, 202202, 279972, 303303, 404404, 505505, 606606, 82128, 91719, 88288, 485584, 650056, 133331, 266662, 399993, 83538, 219912, 505505, 515515, 525525, 535535, 545545, 555555, 565565, 575575, 585585, 595595, 80908, 515515, 698896, 89298, 201102, 255552, 270072, 402204, 456654, 471174, 603306, 657756, 672276, 92329, 99599, 80808, 84448, 88088, 232232, 272272, 424424, 464464, 616616, 656656, 696696, 168861, 611116, 79897, 661166, 525525, 142241, 225522, 284482, 308803, 367763, 512215, 571175, 654456, 81918, 89298, 154451, 171171, 212212, 424424, 636636, 270072, 85158, 86768, 219912, 231132, 272272, 409904, 421124, 462264, 611116, 652256, 693396, 535535, 297792, 84448, 232232, 464464, 696696, 506605, 105501, 294492, 354453, 399993, 414414, 459954, 519915, 663366, 723327, 89798, 359953, 86868, 477774, 545545, 513315, 82728, 405504, 447744, 489984, 84148, 619916, 612216, 630036, 520025, 571175, 80808, 90909, 111111, 222222, 333333, 444444, 555555, 666666, 239932, 84348, 266662, 276672, 321123, 642246, 565565, 234432, 270072, 297792, 405504, 441144, 468864, 612216, 639936, 675576, 689986, 378873, 110011, 182281, 220022, 292292, 330033, 440044, 509905, 550055, 619916, 660066, 729927, 770077, 654456, 575575, 434434, 213312, 257752, 426624, 639936, 84448, 232232, 464464, 696696, 99999, 366663, 210012, 222222, 234432, 246642, 258852, 420024, 432234, 444444, 456654, 468864, 630036, 642246, 654456, 666666, 678876, 84048, 611116, 83538, 90909, 99099, 171171, 252252, 333333, 414414, 585585, 666666, 747747, 89598, 660066, 371173, 84048, 462264, 522225, 525525, 528825, 570075, 573375, 576675, 579975, 98889, 201102, 402204, 603306, 804408, 219912, 595595, 678876, 239932, 256652, 273372, 290092, 408804, 425524, 442244, 611116, 698896, 397793, 508805, 95259, 510015, 259952, 807708, 585585, 297792, 88088, 99099, 121121, 188881, 242242, 363363, 484484, 616616, 737737, 780087, 401104, 447744, 802208, 345543, 675576, 222222, 252252, 282282, 414414, 444444, 474474, 606606, 636636, 666666, 696696, 828828, 198891, 749947, 523325, 89198, 801108, 821128, 155551, 215512, 474474, 534435, 689986, 749947, 793397, 809908, 853358, 737737, 652256, 221122, 442244, 663366, 93839, 280082, 357753, 618816, 106601, 252252, 301103, 602206, 272272, 214412, 428824, 536635, 234432, 420024, 468864, 654456, 840048, 461164, 855558, 561165, 414414, 828828, 239932, 244442, 407704, 412214, 488884, 493394, 656656, 661166, 819918, 824428, 168861, 407704, 507705, 657756, 189981, 279972, 369963, 459954, 549945, 639936, 729927, 819918, 99299, 551155, 143341, 286682, 302203, 445544, 491194, 588885, 604406, 650056, 747747, 793397, 906609, 412214, 824428, 513315, 443344, 886688, 131131, 262262, 393393, 780087, 476674, 219912, 252252, 279972, 444444, 636636, 696696, 801108, 828828, 861168, 888888, 579975, 672276, 693396, 489984, 470074, 809908, 861168, 174471, 564465, 507705, 513315, 548845, 554455, 560065, 589985, 595595, 227722, 238832, 210012, 401104, 420024, 611116, 630036, 802208, 821128, 840048, 292292, 219912, 272272, 649946, 723327, 577775, 117711, 165561, 324423, 372273, 489984, 531135, 648846, 696696, 807708, 855558, 653356, 770077, 348843, 222222, 444444, 666666, 888888, 180081, 487784, 414414, 828828, 255552, 270072, 428824, 443344, 616616, 631136, 698896, 804408, 886688, 469964, 299992, 525525, 623326, 204402, 408804, 329923, 378873, 436634, 485584, 543345, 592295, 601106, 650056, 853358, 141141, 282282, 119911, 906609, 514415, 580085]\n",
      "lenght: 2470\n",
      "Debug list: [[101, 101, 10201], [101, 111, 11211], [101, 121, 12221], [101, 131, 13231], [101, 141, 14241], [101, 151, 15251], [101, 161, 16261], [101, 171, 17271], [101, 181, 18281], [101, 191, 19291], [101, 202, 20402], [101, 212, 21412], [101, 222, 22422], [101, 232, 23432], [101, 242, 24442], [101, 252, 25452], [101, 262, 26462], [101, 272, 27472], [101, 282, 28482], [101, 292, 29492], [101, 303, 30603], [101, 313, 31613], [101, 323, 32623], [101, 333, 33633], [101, 343, 34643], [101, 353, 35653], [101, 363, 36663], [101, 373, 37673], [101, 383, 38683], [101, 393, 39693], [101, 404, 40804], [101, 414, 41814], [101, 424, 42824], [101, 434, 43834], [101, 444, 44844], [101, 454, 45854], [101, 464, 46864], [101, 474, 47874], [101, 484, 48884], [101, 494, 49894], [102, 201, 20502], [102, 206, 21012], [102, 407, 41514], [102, 412, 42024], [102, 613, 62526], [102, 618, 63036], [102, 819, 83538], [102, 824, 84048], [103, 204, 21012], [103, 254, 26162], [103, 408, 42024], [103, 458, 47174], [103, 612, 63036], [103, 662, 68186], [103, 816, 84048], [103, 866, 89198], [104, 203, 21112], [104, 268, 27872], [104, 406, 42224], [104, 471, 48984], [104, 609, 63336], [104, 777, 80808], [104, 812, 84448], [104, 847, 88088], [105, 481, 50505], [105, 507, 53235], [105, 531, 55755], [105, 557, 58485], [106, 202, 21412], [106, 222, 23532], [106, 242, 25652], [106, 262, 27772], [106, 282, 29892], [106, 384, 40704], [106, 404, 42824], [106, 424, 44944], [107, 236, 25252], [107, 422, 45154], [107, 608, 65056], [107, 691, 73937], [107, 877, 93839], [108, 259, 27972], [108, 274, 29592], [108, 433, 46764], [108, 448, 48384], [108, 592, 63936], [108, 607, 65556], [108, 622, 67176], [108, 766, 82728], [108, 781, 84348], [109, 139, 15151], [109, 594, 64746], [109, 683, 74447], [109, 733, 79897], [109, 772, 84148], [109, 822, 89598], [109, 911, 99299], [111, 101, 11211], [111, 111, 12321], [111, 121, 13431], [111, 131, 14541], [111, 141, 15651], [111, 151, 16761], [111, 161, 17871], [111, 171, 18981], [111, 182, 20202], [111, 192, 21312], [111, 202, 22422], [111, 212, 23532], [111, 222, 24642], [111, 232, 25752], [111, 242, 26862], [111, 252, 27972], [111, 273, 30303], [111, 283, 31413], [111, 293, 32523], [111, 303, 33633], [111, 313, 34743], [111, 323, 35853], [111, 333, 36963], [111, 364, 40404], [111, 374, 41514], [111, 384, 42624], [111, 394, 43734], [111, 404, 44844], [111, 414, 45954], [111, 455, 50505], [111, 465, 51615], [111, 475, 52725], [111, 485, 53835], [111, 495, 54945], [111, 546, 60606], [111, 556, 61716], [111, 566, 62826], [111, 576, 63936], [111, 637, 70707], [111, 647, 71817], [111, 657, 72927], [111, 728, 80808], [111, 738, 81918], [111, 819, 90909], [112, 211, 23632], [112, 266, 29792], [112, 377, 42224], [112, 432, 48384], [112, 588, 65856], [112, 754, 84448], [113, 244, 27572], [113, 438, 49494], [113, 455, 51415], [113, 649, 73337], [113, 699, 78987], [113, 716, 80908], [113, 843, 95259], [114, 233, 26562], [114, 381, 43434], [114, 529, 60306], [114, 599, 68286], [114, 614, 69996], [114, 747, 85158], [114, 762, 86868], [115, 455, 52325], [115, 469, 53935], [115, 491, 56465], [116, 182, 21112], [116, 202, 23432], [116, 222, 25752], [116, 364, 42224], [116, 384, 44544], [116, 404, 46864], [116, 526, 61016], [116, 546, 63336], [116, 566, 65656], [116, 586, 67976], [116, 708, 82128], [116, 728, 84448], [116, 748, 86768], [117, 246, 28782], [117, 259, 30303], [117, 455, 53235], [117, 518, 60606], [117, 651, 76167], [117, 714, 83538], [117, 777, 90909], [117, 847, 99099], [118, 184, 21712], [118, 214, 25252], [118, 398, 46964], [118, 547, 64546], [118, 577, 68086], [118, 696, 82128], [118, 761, 89798], [119, 129, 15351], [119, 376, 44744], [119, 455, 54145], [119, 584, 69496], [119, 702, 83538], [119, 831, 98889], [121, 101, 12221], [121, 111, 13431], [121, 121, 14641], [121, 131, 15851], [121, 182, 22022], [121, 192, 23232], [121, 202, 24442], [121, 212, 25652], [121, 222, 26862], [121, 273, 33033], [121, 283, 34243], [121, 293, 35453], [121, 303, 36663], [121, 313, 37873], [121, 364, 44044], [121, 374, 45254], [121, 384, 46464], [121, 394, 47674], [121, 404, 48884], [121, 455, 55055], [121, 465, 56265], [121, 475, 57475], [121, 485, 58685], [121, 495, 59895], [121, 546, 66066], [121, 556, 67276], [121, 566, 68486], [121, 576, 69696], [121, 637, 77077], [121, 647, 78287], [121, 657, 79497], [121, 728, 88088], [121, 738, 89298], [121, 819, 99099], [121, 881, 106601], [121, 991, 119911], [122, 221, 26962], [122, 226, 27572], [122, 231, 28182], [122, 332, 40504], [122, 337, 41114], [122, 563, 68686], [122, 568, 69296], [122, 669, 81618], [122, 674, 82228], [123, 147, 18081], [123, 234, 28782], [123, 271, 33333], [123, 542, 66666], [123, 579, 71217], [123, 666, 81918], [123, 726, 89298], [123, 813, 99999], [123, 957, 117711], [124, 193, 23932], [124, 356, 44144], [124, 391, 48484], [124, 514, 63736], [124, 712, 88288], [125, 417, 52125], [125, 421, 52625], [125, 459, 57375], [125, 463, 57875], [126, 202, 25452], [126, 222, 27972], [126, 384, 48384], [126, 481, 60606], [126, 643, 81018], [126, 663, 83538], [127, 206, 26162], [127, 299, 37973], [127, 342, 43434], [127, 478, 60706], [127, 548, 69596], [127, 591, 75057], [127, 684, 86868], [127, 727, 92329], [128, 318, 40704], [128, 333, 42624], [128, 348, 44544], [128, 363, 46464], [128, 378, 48384], [129, 119, 15351], [129, 267, 34443], [129, 386, 49794], [129, 415, 53535], [129, 534, 68886], [129, 563, 72627], [129, 682, 87978], [129, 711, 91719], [131, 101, 13231], [131, 111, 14541], [131, 121, 15851], [131, 192, 25152], [131, 202, 26462], [131, 212, 27772], [131, 283, 37073], [131, 293, 38383], [131, 303, 39693], [132, 166, 21912], [132, 176, 23232], [132, 352, 46464], [132, 463, 61116], [132, 528, 69696], [132, 639, 84348], [133, 164, 21812], [133, 224, 29792], [133, 281, 37373], [133, 502, 66766], [133, 559, 74347], [134, 153, 20502], [134, 208, 27872], [134, 346, 46364], [134, 499, 66866], [134, 637, 85358], [135, 407, 54945], [135, 413, 55755], [135, 419, 56565], [135, 425, 57375], [135, 431, 58185], [136, 202, 27472], [136, 309, 42024], [136, 329, 44744], [136, 511, 69496], [136, 618, 84048], [136, 638, 86768], [137, 143, 19591], [137, 146, 20002], [137, 216, 29592], [137, 219, 30003], [137, 289, 39593], [137, 292, 40004], [137, 362, 49594], [137, 365, 50005], [137, 435, 59595], [137, 438, 60006], [137, 508, 69596], [137, 511, 70007], [137, 581, 79597], [137, 584, 80008], [137, 654, 89598], [137, 657, 90009], [137, 727, 99599], [137, 803, 110011], [138, 303, 41814], [138, 333, 45954], [138, 437, 60306], [138, 467, 64446], [138, 497, 68586], [138, 631, 87078], [139, 109, 15151], [139, 178, 24742], [139, 287, 39893], [139, 375, 52125], [139, 444, 61716], [139, 484, 67276], [139, 553, 76867], [139, 759, 105501], [141, 101, 14241], [141, 111, 15651], [141, 192, 27072], [141, 202, 28482], [141, 212, 29892], [142, 478, 67876], [142, 483, 68586], [142, 488, 69296], [142, 584, 82928], [142, 589, 83638], [142, 594, 84348], [142, 599, 85058], [143, 137, 19591], [143, 154, 22022], [143, 231, 33033], [143, 308, 44044], [143, 385, 55055], [143, 462, 66066], [143, 539, 77077], [143, 616, 88088], [143, 693, 99099], [143, 707, 101101], [143, 777, 111111], [143, 847, 121121], [143, 917, 131131], [143, 987, 141141], [144, 148, 21312], [144, 188, 27072], [144, 296, 42624], [144, 336, 48384], [144, 444, 63936], [144, 484, 69696], [144, 557, 80208], [145, 349, 50605], [145, 365, 52925], [145, 395, 57275], [145, 411, 59595], [146, 137, 20002], [146, 157, 22922], [146, 202, 29492], [146, 274, 40004], [146, 294, 42924], [146, 339, 49494], [146, 411, 60006], [146, 431, 62926], [146, 476, 69496], [146, 548, 80008], [146, 568, 82928], [146, 613, 89498], [147, 123, 18081], [147, 292, 42924], [147, 448, 65856], [147, 481, 70707], [147, 604, 88788], [147, 637, 93639], [148, 144, 21312], [148, 159, 23532], [148, 174, 25752], [148, 189, 27972], [148, 273, 40404], [148, 288, 42624], [148, 303, 44844], [148, 417, 61716], [148, 432, 63936], [148, 546, 80808], [149, 503, 74947], [149, 562, 83738], [149, 602, 89698], [149, 621, 92529], [149, 661, 98489], [151, 101, 15251], [151, 111, 16761], [151, 477, 72027], [151, 487, 73537], [151, 578, 87278], [151, 588, 88788], [152, 196, 29792], [152, 307, 46664], [152, 317, 48184], [152, 418, 63536], [152, 428, 65056], [152, 529, 80408], [153, 134, 20502], [153, 375, 57375], [153, 412, 63036], [153, 509, 77877], [153, 546, 83538], [154, 143, 22022], [154, 183, 28182], [154, 286, 44044], [154, 429, 66066], [154, 572, 88088], [155, 333, 51615], [155, 361, 55955], [155, 363, 56265], [156, 259, 40404], [156, 314, 48984], [156, 406, 63336], [156, 518, 80808], [156, 553, 86268], [157, 146, 22922], [157, 166, 26062], [157, 229, 35953], [157, 249, 39093], [157, 312, 48984], [157, 451, 70807], [157, 534, 83838], [157, 617, 96869], [157, 693, 108801], [157, 913, 143341], [158, 179, 28282], [158, 273, 43134], [158, 303, 47874], [158, 397, 62726], [158, 546, 86268], [159, 148, 23532], [159, 188, 29892], [159, 256, 40704], [159, 453, 72027], [159, 493, 78387], [159, 601, 95559], [161, 101, 16261], [161, 111, 17871], [161, 325, 52325], [161, 335, 53935], [161, 426, 68586], [163, 184, 29992], [163, 365, 59495], [163, 422, 68786], [163, 603, 98289], [163, 627, 102201], [164, 133, 21812], [164, 178, 29192], [164, 271, 44444], [164, 409, 67076], [164, 502, 82328], [164, 542, 88888], [165, 311, 51315], [165, 333, 54945], [165, 341, 56265], [165, 363, 59895], [166, 132, 21912], [166, 157, 26062], [166, 244, 40504], [166, 289, 47974], [166, 401, 66566], [166, 513, 85158], [167, 176, 29392], [167, 199, 33233], [167, 398, 66466], [167, 421, 70307], [167, 597, 99699], [168, 288, 48384], [168, 377, 63336], [168, 392, 65856], [168, 481, 80808], [169, 315, 53235], [169, 355, 59995], [169, 364, 61516], [169, 581, 98189], [171, 101, 17271], [171, 111, 18981], [171, 254, 43434], [171, 498, 85158], [171, 508, 86868], [173, 181, 31313], [173, 268, 46364], [173, 362, 62626], [173, 449, 77677], [173, 543, 93939], [173, 957, 165561], [174, 148, 25752], [174, 256, 44544], [174, 364, 63336], [174, 472, 82128], [175, 299, 52325], [175, 329, 57575], [176, 132, 23232], [176, 167, 29392], [176, 229, 40304], [176, 264, 46464], [176, 361, 63536], [176, 396, 69696], [176, 458, 80608], [176, 493, 86768], [177, 315, 55755], [177, 335, 59295], [177, 464, 82128], [177, 557, 98589], [178, 139, 24742], [178, 164, 29192], [178, 248, 44144], [178, 387, 68886], [178, 471, 83838], [178, 496, 88288], [179, 158, 28282], [179, 285, 51015], [179, 364, 65156], [179, 443, 79297], [179, 452, 80908], [179, 869, 155551], [181, 101, 18281], [181, 173, 31313], [181, 274, 49594], [181, 346, 62626], [181, 437, 79097], [181, 509, 92129], [181, 519, 93939], [182, 111, 20202], [182, 116, 21112], [182, 121, 22022], [182, 222, 40404], [182, 227, 41314], [182, 232, 42224], [182, 237, 43134], [182, 242, 44044], [182, 333, 60606], [182, 338, 61516], [182, 343, 62426], [182, 348, 63336], [182, 353, 64246], [182, 358, 65156], [182, 363, 66066], [182, 444, 80808], [182, 449, 81718], [182, 454, 82628], [182, 459, 83538], [182, 464, 84448], [182, 469, 85358], [182, 474, 86268], [182, 479, 87178], [182, 484, 88088], [183, 154, 28182], [183, 409, 74847], [183, 446, 81618], [184, 118, 21712], [184, 163, 29992], [184, 241, 44344], [184, 437, 80408], [184, 482, 88688], [185, 273, 50505], [185, 279, 51615], [185, 285, 52725], [185, 291, 53835], [185, 297, 54945], [186, 473, 87978], [187, 222, 41514], [187, 242, 45254], [187, 464, 86768], [187, 683, 127721], [187, 713, 133331], [187, 903, 168861], [187, 933, 174471], [187, 963, 180081], [188, 144, 27072], [188, 159, 29892], [188, 238, 44744], [188, 461, 86668], [189, 148, 27972], [189, 256, 48384], [189, 295, 55755], [189, 403, 76167], [189, 442, 83538], [189, 481, 90909], [191, 101, 19291], [191, 193, 36863], [191, 275, 52525], [191, 458, 87478], [192, 111, 21312], [192, 121, 23232], [192, 131, 25152], [192, 141, 27072], [192, 212, 40704], [192, 222, 42624], [192, 232, 44544], [192, 242, 46464], [192, 252, 48384], [192, 333, 63936], [192, 343, 65856], [192, 353, 67776], [192, 363, 69696], [193, 124, 23932], [193, 191, 36863], [193, 258, 49794], [193, 369, 71217], [193, 436, 84148], [193, 503, 97079], [193, 737, 142241], [195, 259, 50505], [195, 273, 53235], [196, 152, 29792], [196, 219, 42924], [196, 336, 65856], [196, 453, 88788], [197, 222, 43734], [197, 242, 47674], [197, 361, 71117], [197, 381, 75057], [198, 327, 64746], [198, 352, 69696], [198, 426, 84348], [198, 451, 89298], [199, 167, 33233], [199, 236, 46964], [199, 334, 66466], [199, 501, 99699], [201, 102, 20502], [201, 295, 59295], [201, 397, 79797], [201, 489, 98289], [202, 101, 20402], [202, 106, 21412], [202, 111, 22422], [202, 116, 23432], [202, 121, 24442], [202, 126, 25452], [202, 131, 26462], [202, 136, 27472], [202, 141, 28482], [202, 146, 29492], [202, 202, 40804], [202, 207, 41814], [202, 212, 42824], [202, 217, 43834], [202, 222, 44844], [202, 227, 45854], [202, 232, 46864], [202, 237, 47874], [202, 242, 48884], [202, 247, 49894], [203, 104, 21112], [203, 208, 42224], [203, 312, 63336], [203, 416, 84448], [204, 103, 21012], [204, 206, 42024], [204, 309, 63036], [204, 412, 84048], [205, 271, 55555], [206, 102, 21012], [206, 127, 26162], [206, 204, 42024], [206, 229, 47174], [206, 306, 63036], [206, 331, 68186], [206, 408, 84048], [206, 433, 89198], [207, 202, 41814], [207, 222, 45954], [207, 447, 92529], [207, 467, 96669], [208, 134, 27872], [208, 203, 42224], [208, 406, 84448], [209, 275, 57475], [209, 304, 63536], [209, 489, 102201], [209, 659, 137731], [209, 739, 154451], [209, 819, 171171], [209, 909, 189981], [209, 978, 204402], [211, 112, 23632], [211, 214, 45154], [211, 326, 68786], [211, 439, 92629], [212, 101, 21412], [212, 111, 23532], [212, 121, 25652], [212, 131, 27772], [212, 141, 29892], [212, 192, 40704], [212, 202, 42824], [212, 212, 44944], [213, 322, 68586], [213, 359, 76467], [213, 396, 84348], [213, 433, 92229], [214, 118, 25252], [214, 211, 45154], [214, 304, 65056], [215, 241, 51815], [215, 249, 53535], [215, 257, 55255], [216, 137, 29592], [216, 224, 48384], [216, 296, 63936], [216, 311, 67176], [216, 383, 82728], [217, 202, 43834], [217, 351, 76167], [218, 297, 64746], [218, 386, 84148], [218, 411, 89598], [219, 137, 30003], [219, 196, 42924], [219, 226, 49494], [219, 274, 60006], [219, 333, 72927], [219, 363, 79497], [219, 411, 90009], [221, 122, 26962], [221, 245, 54145], [221, 378, 83538], [222, 101, 22422], [222, 106, 23532], [222, 111, 24642], [222, 116, 25752], [222, 121, 26862], [222, 126, 27972], [222, 182, 40404], [222, 187, 41514], [222, 192, 42624], [222, 197, 43734], [222, 202, 44844], [222, 207, 45954], [222, 273, 60606], [222, 278, 61716], [222, 283, 62826], [222, 288, 63936], [222, 364, 80808], [222, 369, 81918], [222, 946, 210012], [223, 255, 56865], [223, 265, 59095], [223, 366, 81618], [223, 443, 98789], [223, 847, 188881], [224, 133, 29792], [224, 216, 48384], [224, 294, 65856], [224, 377, 84448], [225, 233, 52425], [225, 255, 57375], [226, 122, 27572], [226, 219, 49494], [226, 358, 80908], [227, 182, 41314], [227, 202, 45854], [227, 364, 82628], [227, 437, 99199], [227, 803, 182281], [228, 307, 69996], [228, 381, 86868], [229, 157, 35953], [229, 176, 40304], [229, 206, 47174], [229, 352, 80608], [229, 382, 87478], [231, 122, 28182], [231, 143, 33033], [231, 286, 66066], [231, 429, 99099], [231, 471, 108801], [231, 481, 111111], [231, 601, 138831], [231, 611, 141141], [231, 731, 168861], [231, 741, 171171], [231, 861, 198891], [231, 952, 219912], [231, 962, 222222], [232, 101, 23432], [232, 111, 25752], [232, 182, 42224], [232, 192, 44544], [232, 202, 46864], [232, 263, 61016], [232, 273, 63336], [232, 283, 65656], [232, 293, 67976], [232, 354, 82128], [232, 364, 84448], [232, 374, 86768], [233, 114, 26562], [233, 225, 52425], [233, 339, 78987], [234, 123, 28782], [234, 259, 60606], [234, 357, 83538], [235, 239, 56165], [235, 245, 57575], [235, 251, 58985], [236, 107, 25252], [236, 199, 46964], [236, 348, 82128], [237, 182, 43134], [237, 202, 47874], [237, 364, 86268], [237, 387, 91719], [238, 188, 44744], [238, 292, 69496], [238, 351, 83538], [238, 924, 219912], [239, 235, 56165], [239, 254, 60706], [239, 284, 67876], [239, 539, 128821], [241, 184, 44344], [241, 215, 51815], [241, 368, 88688], [242, 101, 24442], [242, 106, 25652], [242, 111, 26862], [242, 182, 44044], [242, 187, 45254], [242, 192, 46464], [242, 197, 47674], [242, 202, 48884], [242, 273, 66066], [242, 278, 67276], [242, 283, 68486], [242, 288, 69696], [242, 364, 88088], [242, 369, 89298], [242, 831, 201102], [242, 886, 214412], [242, 941, 227722], [244, 113, 27572], [244, 166, 40504], [244, 284, 69296], [244, 337, 82228], [245, 221, 54145], [245, 235, 57575], [246, 117, 28782], [246, 271, 66666], [246, 333, 81918], [246, 363, 89298], [247, 202, 49894], [247, 301, 74347], [247, 693, 171171], [248, 178, 44144], [248, 257, 63736], [248, 356, 88288], [248, 869, 215512], [249, 157, 39093], [249, 215, 53535], [249, 342, 85158], [251, 235, 58985], [251, 266, 66766], [251, 297, 74547], [251, 328, 82328], [251, 359, 90109], [252, 101, 25452], [252, 111, 27972], [252, 192, 48384], [253, 417, 105501], [253, 527, 133331], [253, 637, 161161], [253, 707, 178871], [253, 874, 221122], [253, 944, 238832], [254, 103, 26162], [254, 171, 43434], [254, 239, 60706], [254, 274, 69596], [254, 342, 86868], [255, 223, 56865], [255, 225, 57375], [256, 159, 40704], [256, 174, 44544], [256, 189, 48384], [257, 215, 55255], [257, 248, 63736], [258, 193, 49794], [258, 267, 68886], [258, 341, 87978], [258, 814, 210012], [259, 108, 27972], [259, 117, 30303], [259, 156, 40404], [259, 195, 50505], [259, 234, 60606], [259, 273, 70707], [259, 312, 80808], [259, 351, 90909], [259, 429, 111111], [259, 858, 222222], [261, 451, 117711], [262, 101, 26462], [262, 106, 27772], [263, 232, 61016], [263, 343, 90209], [264, 176, 46464], [264, 264, 69696], [264, 808, 213312], [264, 833, 219912], [264, 888, 234432], [264, 968, 255552], [265, 223, 59095], [266, 112, 29792], [266, 251, 66766], [266, 902, 239932], [267, 129, 34443], [267, 258, 68886], [267, 314, 83838], [268, 104, 27872], [268, 173, 46364], [269, 273, 73437], [269, 371, 99799], [271, 123, 33333], [271, 164, 44444], [271, 205, 55555], [271, 246, 66666], [271, 287, 77777], [271, 328, 88888], [271, 369, 99999], [271, 451, 122221], [271, 902, 244442], [272, 101, 27472], [272, 309, 84048], [272, 319, 86768], [273, 111, 30303], [273, 121, 33033], [273, 148, 40404], [273, 158, 43134], [273, 185, 50505], [273, 195, 53235], [273, 222, 60606], [273, 232, 63336], [273, 242, 66066], [273, 259, 70707], [273, 269, 73437], [273, 279, 76167], [273, 296, 80808], [273, 306, 83538], [273, 316, 86268], [273, 333, 90909], [273, 343, 93639], [273, 353, 96369], [273, 363, 99099], [273, 407, 111111], [273, 517, 141141], [273, 627, 171171], [273, 814, 222222], [273, 924, 252252], [274, 108, 29592], [274, 146, 40004], [274, 181, 49594], [274, 219, 60006], [274, 254, 69596], [274, 292, 80008], [274, 327, 89598], [274, 803, 220022], [275, 191, 52525], [275, 209, 57475], [277, 357, 98889], [277, 726, 201102], [278, 222, 61716], [278, 242, 67276], [279, 185, 51615], [279, 273, 76167], [279, 968, 270072], [281, 133, 37373], [281, 298, 83738], [281, 339, 95259], [282, 101, 28482], [282, 106, 29892], [283, 111, 31413], [283, 121, 34243], [283, 131, 37073], [283, 222, 62826], [283, 232, 65656], [283, 242, 68486], [283, 353, 99899], [284, 239, 67876], [284, 244, 69296], [284, 292, 82928], [284, 297, 84348], [285, 179, 51015], [285, 185, 52725], [286, 154, 44044], [286, 231, 66066], [286, 308, 88088], [286, 707, 202202], [286, 742, 212212], [286, 777, 222222], [286, 812, 232232], [286, 847, 242242], [286, 882, 252252], [286, 917, 262262], [286, 952, 272272], [286, 987, 282282], [287, 139, 39893], [287, 271, 77777], [287, 693, 198891], [287, 836, 239932], [288, 148, 42624], [288, 168, 48384], [288, 222, 63936], [288, 242, 69696], [288, 814, 234432], [289, 137, 39593], [289, 166, 47974], [289, 302, 87278], [289, 331, 95659], [291, 185, 53835], [291, 319, 92829], [292, 101, 29492], [292, 137, 40004], [292, 147, 42924], [292, 238, 69496], [292, 274, 80008], [292, 284, 82928], [293, 111, 32523], [293, 121, 35453], [293, 131, 38383], [293, 232, 67976], [294, 146, 42924], [294, 224, 65856], [294, 302, 88788], [294, 748, 219912], [294, 858, 252252], [295, 189, 55755], [295, 201, 59295], [296, 144, 42624], [296, 216, 63936], [296, 273, 80808], [296, 792, 234432], [297, 185, 54945], [297, 218, 64746], [297, 251, 74547], [297